DealerCard,PlayerSum,Action,Qvalue
1,1,0,-0.101265822785
1,1,1,0.317684822951
1,2,0,-0.101492537313
1,2,1,0.303372977189
1,3,0,-0.0222929936306
1,3,1,0.325961346882
1,4,0,-0.145486830423
1,4,1,0.319980168567
1,5,0,0.0195439739414
1,5,1,0.319793994753
1,6,0,0.130434782609
1,6,1,0.317413522013
1,7,0,0.172700296736
1,7,1,0.320739866194
1,8,0,0.180619597004
1,8,1,0.310562805873
1,9,0,0.267365068496
1,9,1,0.230434782609
1,10,0,0.203883495146
1,10,1,0.317272123684
1,11,0,0.363283023381
1,11,1,0.370700636943
1,12,0,0.37372261457
1,12,1,0.3095684803
1,13,0,0.162175464122
1,13,1,0.329768270945
1,14,0,0.0425531914894
1,14,1,0.328877005348
1,15,0,0.0114942528736
1,15,1,0.309711286089
1,16,0,-0.164705882353
1,16,1,0.280839895013
1,17,0,-0.294117647059
1,17,1,0.461346633416
1,18,0,-0.308641975309
1,18,1,0.588068181818
1,19,0,-0.184210526316
1,19,1,0.705718270572
1,20,0,-0.347826086957
1,20,1,0.84
1,21,0,-0.52
1,21,1,0.971830985915
2,1,0,-0.25
2,1,1,0.236348478533
2,2,0,-0.0792079207921
2,2,1,0.255070682237
2,3,0,-0.142857142857
2,3,1,0.246496622643
2,4,0,-0.00320512820513
2,4,1,0.252822580645
2,5,0,0.0102040816327
2,5,1,0.262770739681
2,6,0,-0.0248977803738
2,6,1,0.240297766749
2,7,0,4.77048955894e-18
2,7,1,0.26397421694
2,8,0,0.213855421687
2,8,1,0.25827682489
2,9,0,0.177017819706
2,9,1,0.265339128677
2,10,0,0.0869565217391
2,10,1,0.250706499798
2,11,0,0.311111111111
2,11,1,0.025641025641
2,12,0,0.119047619048
2,12,1,0.296296296296
2,13,0,-0.0512820512821
2,13,1,0.348837209302
2,14,0,0.0204081632653
2,14,1,-0.0232558139535
2,15,0,0.0172413793103
2,15,1,0.313725490196
2,16,0,-0.214285714286
2,16,1,0.368421052632
2,17,0,0.0434782608696
2,17,1,0.466019417476
2,18,0,-0.368421052632
2,18,1,0.453333333333
2,19,0,-0.681818181818
2,19,1,0.614285714286
2,20,0,-0.125
2,20,1,0.85
2,21,0,-0.2
2,21,1,0.945945945946
3,1,0,-0.207792207792
3,1,1,0.199882249043
3,2,0,-0.127235713247
3,2,1,0.202899970608
3,3,0,-0.107594936709
3,3,1,0.18906111166
3,4,0,-0.00766283524904
3,4,1,0.184473710268
3,5,0,-0.00249221183801
3,5,1,0.210206084396
3,6,0,-0.0283911671924
3,6,1,0.206855557757
3,7,0,0.0322580645161
3,7,1,0.19107038409
3,8,0,0.0967634300968
3,8,1,0.20833752895
3,9,0,0.180636648241
3,9,1,0.184139381196
3,10,0,0.230018578754
3,10,1,0.192307692308
3,11,0,0.358469055064
3,11,1,0.129411764706
3,12,0,-0.0172839506173
3,12,1,0.212195121951
3,13,0,0.160184119678
3,13,1,0.177419354839
3,14,0,-0.103896103896
3,14,1,0.209638554217
3,15,0,-0.0652173913043
3,15,1,0.256588072122
3,16,0,0.0430107526882
3,16,1,0.214554579674
3,17,0,-0.295454545455
3,17,1,0.31909212283
3,18,0,-0.352941176471
3,18,1,0.485148514851
3,19,0,-0.512820512821
3,19,1,0.650793650794
3,20,0,-0.448001985604
3,20,1,0.828169014085
3,21,0,-0.416666666667
3,21,1,0.951612903226
4,1,0,-0.20819112628
4,1,1,0.142477785722
4,2,0,-0.0870870870871
4,2,1,0.140173410405
4,3,0,-0.181208053691
4,3,1,0.1580658269
4,4,0,-0.0909090909091
4,4,1,0.14811031665
4,5,0,-0.13883161512
4,5,1,0.136206546046
4,6,0,-0.0814332247557
4,6,1,0.159706148737
4,7,0,-0.0660066006601
4,7,1,0.148040493134
4,8,0,-0.066889632107
4,8,1,0.137998155927
4,9,0,0.0337837837838
4,9,1,0.153584301161
4,10,0,0.0743034055728
4,10,1,0.146647470177
4,11,0,0.262265208859
4,11,1,0.182795698925
4,12,0,-0.0606060606061
4,12,1,0.165562913907
4,13,0,0.139130434783
4,13,1,-0.0909090909091
4,14,0,0.0625
4,14,1,0.117647058824
4,15,0,0.0434782608696
4,15,1,0.0549450549451
4,16,0,-0.307692307692
4,16,1,0.148514851485
4,17,0,-0.466666666667
4,17,1,0.207792207792
4,18,0,-0.428571428571
4,18,1,0.45
4,19,0,-0.636363636364
4,19,1,0.796875
4,20,0,-0.428571428571
4,20,1,0.822222222222
4,21,0,-0.692307692308
4,21,1,0.947368421053
5,1,0,-0.264900662252
5,1,1,0.113160621762
5,2,0,-0.324758842444
5,2,1,0.102973458392
5,3,0,-0.199568500539
5,3,1,0.115137709671
5,4,0,-0.109055362167
5,4,1,0.105177664975
5,5,0,-0.186885245902
5,5,1,0.11812120609
5,6,0,0.0246153846154
5,6,1,0.089490219925
5,7,0,-0.0271186440678
5,7,1,0.119863013699
5,8,0,-0.021875
5,8,1,0.114469971786
5,9,0,-0.0225080385852
5,9,1,0.103731119336
5,10,0,0.0815047021944
5,10,1,0.0944810126582
5,11,0,-0.063829787234
5,11,1,0.125
5,12,0,0.153846153846
5,12,1,0.0697674418605
5,13,0,0.039298245614
5,13,1,-0.189189189189
5,14,0,-0.143162393162
5,14,1,0.216
5,15,0,0.0222222222222
5,15,1,0.0679611650485
5,16,0,-0.413793103448
5,16,1,1.73472347598e-18
5,17,0,-0.52380952381
5,17,1,0.178947368421
5,18,0,-0.157894736842
5,18,1,0.527777777778
5,19,0,-0.428571428571
5,19,1,0.636363636364
5,20,0,-0.5
5,20,1,0.8
5,21,0,-0.333333333333
5,21,1,0.966666666667
6,1,0,-0.335526315789
6,1,1,0.0793883535819
6,2,0,-0.161904761905
6,2,1,0.0703077236601
6,3,0,-0.264264264264
6,3,1,0.0514518593989
6,4,0,-0.163265306122
6,4,1,0.0572397287595
6,5,0,-0.187692307692
6,5,1,0.0712976166225
6,6,0,-0.109375
6,6,1,0.0786653185035
6,7,0,-0.128267973856
6,7,1,0.0700892409506
6,8,0,-0.138047138047
6,8,1,0.069244786394
6,9,0,0.0543806646526
6,9,1,0.0644054108621
6,10,0,0.0611207113799
6,10,1,0.0945395273024
6,11,0,0.224637681159
6,11,1,0.0508474576271
6,12,0,-0.128205128205
6,12,1,0.163265306122
6,13,0,-0.0146001073537
6,13,1,-0.0666666666667
6,14,0,-0.104651162791
6,14,1,0.186813186813
6,15,0,-6.93889390391e-18
6,15,1,0.131147540984
6,16,0,-0.129032258065
6,16,1,0.0243902439024
6,17,0,-0.266666666667
6,17,1,0.181818181818
6,18,0,-0.7
6,18,1,0.4
6,19,0,-0.5
6,19,1,0.603448275862
6,20,0,-0.5
6,20,1,0.78
6,21,0,-0.272727272727
6,21,1,0.888888888889
7,1,0,-0.409523809524
7,1,1,-0.0336520076482
7,2,0,-0.244712990937
7,2,1,-0.03532790809
7,3,0,-0.255319148936
7,3,1,-0.0277488398523
7,4,0,-0.196938321302
7,4,1,-0.0127150336574
7,5,0,-0.177777777778
7,5,1,-0.0140497436871
7,6,0,-0.156441717791
7,6,1,-0.0308312248149
7,7,0,-0.132360476658
7,7,1,-0.0292275574113
7,8,0,-0.0371295092623
7,8,1,-0.0128593040847
7,9,0,0.0122312983871
7,9,1,-0.0277777777778
7,10,0,0.0755349118365
7,10,1,-0.0304709141274
7,11,0,0.147895823587
7,11,1,0.00840336134454
7,12,0,0.0486505224563
7,12,1,-0.0666666666667
7,13,0,0.0542674353369
7,13,1,-0.0508474576271
7,14,0,-0.0260869565217
7,14,1,0.0119047619048
7,15,0,-0.204645913665
7,15,1,-0.0370955011839
7,16,0,-0.164838913327
7,16,1,-0.0270618556701
7,17,0,-0.252252252252
7,17,1,0.13769123783
7,18,0,-0.315789473684
7,18,1,0.425117528543
7,19,0,-0.555555555556
7,19,1,0.618951612903
7,20,0,-0.4375
7,20,1,0.78459937565
7,21,0,-0.525925925926
7,21,1,0.922261484099
8,1,0,-0.40412979351
8,1,1,-0.114373440798
8,2,0,-0.31914893617
8,2,1,-0.112976956806
8,3,0,-0.233438485804
8,3,1,-0.101760331356
8,4,0,-0.214067278287
8,4,1,-0.121626617375
8,5,0,-0.224932249322
8,5,1,-0.107718566281
8,6,0,-0.234782608696
8,6,1,-0.123313168916
8,7,0,-0.136870845204
8,7,1,-0.107839459865
8,8,0,-0.172479694219
8,8,1,-0.144310823312
8,9,0,-0.0399841961296
8,9,1,-0.132911392405
8,10,0,0.0223114814725
8,10,1,-0.0867768595041
8,11,0,0.100801110912
8,11,1,-0.191489361702
8,12,0,0.07746525167
8,12,1,-0.111111111111
8,13,0,-0.0516670143697
8,13,1,-0.216
8,14,0,-0.0751844682685
8,14,1,-0.208633093525
8,15,0,-0.1328125
8,15,1,-0.0915907873594
8,16,0,-0.182872435326
8,16,1,-0.111725663717
8,17,0,-0.161538461538
8,17,1,0.0345789180145
8,18,0,-0.556167979003
8,18,1,0.385483870968
8,19,0,-0.381734006734
8,19,1,0.60056980057
8,20,0,-0.594594594595
8,20,1,0.798283261803
8,21,0,-0.6
8,21,1,0.942786069652
9,1,0,-0.427184466019
9,1,1,-0.198110422203
9,2,0,-0.483333333333
9,2,1,-0.208490378893
9,3,0,-0.475247524752
9,3,1,-0.202861622893
9,4,0,-0.35
9,4,1,-0.197617652802
9,5,0,-0.333832947268
9,5,1,-0.217024615083
9,6,0,-0.385620915033
9,6,1,-0.210270375413
9,7,0,-0.394409937888
9,7,1,-0.204227478611
9,8,0,-0.310442578222
9,8,1,-0.207443682664
9,9,0,-0.206790123457
9,9,1,-0.203396372057
9,10,0,-0.0792318228562
9,10,1,-0.264516129032
9,11,0,0.00154520094615
9,11,1,-0.216666666667
9,12,0,-0.245098039216
9,12,1,-0.185941043084
9,13,0,-0.115340513417
9,13,1,-0.190476190476
9,14,0,-0.14012522173
9,14,1,-0.19209039548
9,15,0,-0.19147985766
9,15,1,-0.164912280702
9,16,0,-0.365853658537
9,16,1,-0.196721311475
9,17,0,-0.0786516853933
9,17,1,-0.0489596083231
9,18,0,-0.445920303605
9,18,1,0.289099526066
9,19,0,-0.534246575342
9,19,1,0.556994818653
9,20,0,-0.675675675676
9,20,1,0.79435483871
9,21,0,-0.647058823529
9,21,1,0.958083832335
10,1,0,-0.534653465347
10,1,1,-0.301432664756
10,2,0,-0.447204968944
10,2,1,-0.296113744076
10,3,0,-0.456940222898
10,3,1,-0.295690936107
10,4,0,-0.513931888545
10,4,1,-0.298749766748
10,5,0,-0.424382916314
10,5,1,-0.293567474709
10,6,0,-0.474164133739
10,6,1,-0.317249698432
10,7,0,-0.356262176093
10,7,1,-0.306477260681
10,8,0,-0.309677419355
10,8,1,-0.288002196394
10,9,0,-0.2163716073
10,9,1,-0.292604501608
10,10,0,-0.134768534926
10,10,1,-0.292307692308
10,11,0,-0.0565697135231
10,11,1,-0.315230224321
10,12,0,-0.102408460874
10,12,1,-0.302325581395
10,13,0,-0.143744654899
10,13,1,-0.301587301587
10,14,0,-0.315348837209
10,14,1,-0.301218804411
10,15,0,-0.338983050847
10,15,1,-0.268460217516
10,16,0,-0.320200664388
10,16,1,-0.317133956386
10,17,0,-0.484621155289
10,17,1,-0.111366245695
10,18,0,-0.525
10,18,1,0.153711279953
10,19,0,-0.543269230769
10,19,1,0.49127343245
10,20,0,-0.602272727273
10,20,1,0.72030237581
10,21,0,-0.66
10,21,1,0.934426229508
